start:
  position: [-0.75, -2.75, 6.550000190734863]
  velocity: [0.0, 0.0, 0.0]
end:
  position: [-9.850000381469727, -0.949999988079071, 0.8500000238418579]
  velocity: [0.0, 0.0, 0.0]
waypoints: [[-0.75, -2.75, 6.550000190734863], [-0.678983461106209, -2.2903307399984443, 6.586254477543192], [-0.9249740183803971, -2.1725202859899433, 6.216840652714496], [-0.8777364400659519, -1.7405695205188705, 6.000566725716391], [-0.9691041755611042, -1.2866059787470654, 5.8847947355831245], [-1.1589314443841667, -0.864873688424173, 5.881477756267301], [-1.609558985309011, -0.8477799889719672, 5.8467317691726555], [-1.8017843258749064, -0.8533100847540083, 5.577594884160617], [-2.0077855061339154, -0.6671074744654321, 5.225796552376537], [-2.1812887128019063, -0.9197672437457474, 4.984625976810928], [-2.52722365167677, -1.2127253459814935, 4.848466575213716], [-2.655698989330506, -1.4980787909321671, 4.596571469244672], [-2.9836922406468402, -1.3080362188398718, 4.502506001894851], [-3.2534451105019366, -1.6536013929142506, 4.40927034048405], [-3.6754643707150763, -1.6085879984748366, 4.181563520147266], [-3.7632141078354326, -1.5768473071627127, 3.83745034317974], [-3.834852836773739, -1.3636574309475762, 3.567473417317638], [-3.9269279649528848, -1.098068262082608, 3.3361509697591063], [-4.368126110916075, -1.087038944294063, 3.1509624205081144], [-4.404869902138814, -0.650041025449029, 3.0245854321993], [-4.679259381629556, -0.26279545829774875, 2.99665871205481], [-5.057181177475754, -0.06610176687869385, 3.0580817520188694], [-5.4730446280462965, 0.03822711833671068, 3.0969325995427677], [-5.884448933411072, -0.05465956116413555, 2.8857360996044936], [-6.272057345416657, -0.027720031778684793, 2.879995642807661], [-6.678985778214528, -0.1326132437265786, 2.649119151066878], [-6.904326459925434, -0.39065812627431995, 2.391351262099536], [-7.317487507808633, -0.4691115722100586, 2.175160906440364], [-7.614652881796239, -0.37641785772019376, 1.9594425384512648], [-7.661405871573152, -0.6988725561005827, 1.875433913688859], [-8.032593228750779, -0.9387171438864055, 1.9298545670853715], [-8.395738457046312, -0.9409716255109764, 1.7140834207874907], [-8.479246370130697, -0.7270814423870141, 1.4850511798630615], [-8.608175539705158, -0.7827311727633506, 1.2436892395365535], [-8.538799696668633, -0.4485637937294682, 1.0781969990913014], [-8.656170728622548, -0.23089278573878708, 0.8984035441703848], [-8.93489378846506, -0.12561389163904713, 0.8068902609795283], [-9.159981025199889, 0.031938345230470705, 0.8756326791567891], [-9.521873756304753, 0.0016246878348742423, 0.8016096252990499], [-9.953279924346573, -0.025842516750079755, 0.8704579528538654], [-9.914069671199206, -0.3767004639240826, 0.8626910655004988], [-9.87485941805184, -0.7275584110980854, 0.8549241781471322], [-9.850000381469727, -0.949999988079071, 0.8500000238418579]]
